1 -0.16666666666666665741
2 0.07500000000000001110
3 -0.04464285714285714385
4 0.03038194444444444406
5 -0.02237215909090909186
6 0.01735276442307692388
7 -0.01396484375000000069
8 0.01155180089613970507
9 -0.00976160952919407840
10 0.00839033580961681506
11 -0.00731252587359884545
12 0.00644721031188964875
13 -0.00574003767084192359
14 0.00515330968231990372
15 -0.00466014348691509619
16 0.00424090709367936324
17 -0.00388096455883766905
18 0.00356920539382593474
19 -0.00329705950347348401
20 0.00305782164925803065
21 -0.00284617840110894162
22 0.00265787063820728964
23 -0.00248944867824688271
24 0.00233809189211197505
25 -0.00220147397371013792
26 0.00207766103251816716
27 -0.00196503361627728326
28 0.00186222640640312754
29 -0.00176808112051541830
30 0.00168160939358310679
31 -0.00160196327535144377
32 0.00152841159612256768
33 -0.00146032089407911541
34 0.00139713991763025340
35 -0.00133838695127517842
36 0.00128363938762902853
37 -0.00123252509850001711
38 0.00118471525616243938
39 -0.00113991833070222382
40 0.00109787504659144739
41 -0.00105835412587224303
42 0.00102114867971062778
43 -0.00098607313698333122